"","Abigail","Barney","Beans","Bene","Blondie","Brain","Brie","Brigit","Bubbles","Candice","Cashew","Celine","Chad","Chilli","Chips","Chopper","Coffee","Cyclops","Daring","Dash","Ditto","Domino","Doodle","Ester","Francis","Genevieve","Gina","Goggles","Gogo","Hazel","Helen","Jacquei","Julia","Lauren","Longnose","Louis","Michelle","Mike","Milo","Nacho","Nancy","Naomi","Nikki","Nina","Opal","Pearl","Penny","Qantas","Regan","Ross","Rudolph","Shaddow","Star","Stripes","Syrup","Themeda","Therese","Tim","Trevor","Twinkie","Tyrone"
"Abigail",0,533.070497731965,446.510575815247,162.968881614785,133.836962235995,129.407830230477,552.191349346492,474.749968584117,325.832226273846,119.493620927247,20.5273429185073,60.45442403049,92.5199482791935,382.179231114969,475.740627904541,234.109440880534,528.367994109699,518.349774608171,66.4818335603657,67.8613016930879,105.875612697583,112.749776334058,445.182041366875,51.247149265583,385.052077663305,600.597653015157,676.354536854546,366.755722770446,652.558277374015,33.6895277488667,15.1556955955372,62.2063271296856,26.3963236173894,381.897131908256,308.339049582926,374.765879740785,374.332418152085,83.2660872902822,367.699924016934,24.850036393038,197.061152469444,171.210293014266,123.721605209433,388.88630151787,421.623499378005,624.72059268177,485.749036868253,5.92905434050297,94.9441394675169,66.6915691518618,35.1074784623802,177.880490247679,266.39643574652,221.605501208028,421.75878267475,464.51231558647,359.928327401225,138.589762830573,73.8817662147433,171.977233819206,119.044284019163
"Barney",533.070497731965,0,120.640625927699,376.003402009035,421.427910541889,538.162085227728,55.4497165065853,62.2807650775543,216.382088313394,484.817636022094,519.184726690399,589.794011628851,456.943806316273,189.427150747591,57.859718356664,299.027293410485,92.5643901503038,21.8879738583599,467.365864246714,468.060706161477,526.040258338376,605.718481178912,95.4409988138869,519.638230463688,148.023890582624,165.993794422065,183.86658991383,168.212948803483,165.725129283248,500.666995922331,538.708457637312,590.380184683744,559.211559327674,155.647598143667,224.745155090868,172.940852361081,164.516368257741,608.665324328265,179.218617932465,557.82372931836,336.056273075347,367.621101773224,546.043241118475,146.939803679031,111.506884983314,173.834009529474,67.8477721392911,538.759412156539,444.687945766093,599.714891862105,514.517988986608,675.574151882816,285.772637566614,314.262496672322,113.156748730655,68.7225531130525,197.947029660696,418.4180755479,482.671303520972,367.141817742698,604.803289406178
"Beans",446.510575815247,120.640625927699,0,302.944269344994,352.979779994343,475.987891548501,112.294761783541,103.15215544781,171.789890649648,420.976275143448,435.516113569496,499.199154103287,382.263648023359,72.6897300331507,91.3116695340758,218.194949773289,81.8629199818853,98.9768883715834,383.86954766638,379.045753897408,423.302675004275,505.784790153868,42.8295006731773,442.308441719804,95.1051147642148,161.957322336525,230.099658674302,92.419903146739,206.40717198404,416.290683799176,454.494492910509,499.276947833128,472.895774661062,74.5981680844702,151.30006070531,151.763092566934,131.351860857893,515.840989894957,154.223604161563,470.551800154062,255.704382742456,295.167155765049,482.242887140414,73.6791901365357,81.9365129775116,183.672940161233,130.49713468414,452.401188104702,366.72621345849,512.692839314302,433.629599870633,573.356101128048,183.446944351056,225.468634756523,96.5130604072267,76.2660749211666,178.518129681485,351.059902830412,407.367726958198,294.997579881557,503.736416497407
"Bene",162.968881614785,376.003402009035,302.944269344994,0,51.0945586927963,174.747013980393,400.899929220244,315.86060356654,163.805268748172,119.960134138472,146.332387940805,222.949421635528,81.0356235799324,249.260630952631,318.176089059747,85.5026464071696,383.552777891447,363.070295278597,96.867087519787,108.298835977235,199.558088560466,258.4900581031,293.618493107051,143.64141256457,228.961204735509,463.639680921796,531.533257614809,215.107475058635,508.171099147316,129.318231953665,165.799741682448,224.312204925814,187.836541079908,231.900694037723,154.333909082398,212.495522748785,213.741921895364,244.667845604086,205.434965832337,187.621793059671,50.5026546089149,8.43012141585989,180.154184563292,237.177414121408,264.862233285679,486.250776686737,324.843963054618,168.16058054371,69.4938046276139,227.996056520091,139.638052726681,329.844856834271,145.899990439184,88.0548734505686,263.1728069496,308.37561887226,196.965065376551,50.2469914854794,106.743684698117,9.06376435917339,261.115984353134
"Blondie",133.836962235995,421.427910541889,352.979779994343,51.0945586927963,0,123.725486331803,448.782048762736,360.346214183017,206.140723564756,68.8687098694197,114.407244255779,193.892025550971,41.5855694506458,300.318146063989,363.594459065352,136.411541462353,433.102755935779,409.522460296316,75.6661953311253,98.1871353734351,196.724310562662,240.734919398711,341.901609380598,102.390232265039,275.906498389961,514.097095545946,580.731324276734,263.923655727266,557.49852148547,101.455083899202,132.531827729615,195.874135105575,155.625901405323,281.040280347405,203.063424053524,253.568583467518,257.494971003854,217.047506067103,246.608689870011,156.850766308,101.442722879309,58.2000222607379,129.396478540828,285.792971198793,311.134834623241,536.511140588713,367.274280707778,138.041764634331,43.3902838533079,193.836159138113,103.864898068445,309.788049996623,195.955944193983,138.499442194275,308.272895434239,354.687121091188,234.89791923492,4.88271101349853,65.1596181039393,58.2431629674903,245.057297366905
"Brain",129.407830230477,538.162085227728,475.987891548501,174.747013980393,123.725486331803,0,568.91748014126,476.201651318712,321.825414078089,55.0424376494795,114.109248396321,165.124552619803,105.353961986915,424.007124043572,480.723811009226,260.136531879771,555.469807256022,527.804434919145,131.622133858335,157.069487708276,233.495468551559,233.431960828613,462.920745280642,80.3633766324391,395.696746564362,637.44958781666,702.468951808271,385.861441930503,679.437849929675,122.019087476096,115.94805796973,168.475085689812,130.495725861069,403.251568091138,325.230418997936,366.523922841091,373.694618846057,186.74670646694,359.863248961563,135.891068824479,224.777674261036,181.917863630358,10.7399500017407,407.423874894843,429.817949386344,659.643961073317,480.101461927811,128.331014653753,125.294372760394,148.052633996473,100.090824399102,286.311960942623,317.546318315862,261.038919983028,425.479370633804,473.098817743032,344.441732920406,125.187402738326,88.5338138514882,181.939101944796,241.391209916114
"Brie",552.191349346492,55.4497165065853,112.294761783541,400.899929220244,448.782048762736,568.91748014126,0,105.28232593292,249.044669317647,514.583547171525,539.828772461264,606.752338597644,481.749784018932,184.905864213913,95.4272676091671,319.320107752191,48.5980743325373,48.5786954643752,487.85689016405,485.525104736693,534.63908472945,616.542787779588,107.448224499823,543.521060762667,173.229615024515,110.566310626832,137.37390219852,186.263067410079,116.642319988414,520.852121935878,559.137918642795,607.032538995435,578.560316918934,170.412603487107,246.652596060831,211.05181379175,198.217762086426,624.297750764094,216.515524864764,576.629763774011,357.089304785257,392.702561388918,576.164885753368,164.05231552376,139.815308231591,118.951579316601,119.27592286629,558.013524449755,467.846698190983,618.789390178046,536.595361203257,684.756271812651,293.766873123039,330.709336397145,146.622827932007,97.9911952527503,237.861336949568,446.216752295513,507.339162608967,392.356723368536,614.788172624575
"Brigit",474.749968584117,62.2807650775543,103.15215544781,315.86060356654,360.346214183017,476.201651318712,105.28232593292,0,154.641190935729,423.067567876175,460.237149913169,532.323443825376,396.571333987645,156.674288960068,13.3110862239724,241.505376010865,121.380409637397,57.0740627903685,408.652565928729,410.778596705823,473.607989974091,551.523817249401,62.50095774709,459.439121099585,91.3648776328121,208.356745422583,241.642183906025,115.835861660338,221.695411941685,441.973251716391,479.798055958336,533.057487411198,500.714693801348,107.132772158969,167.487859503155,110.66173588965,102.903983707723,551.800326444102,116.945439536368,499.574057709441,277.80369746759,307.445255812126,484.178621689832,97.1181149184126,55.4801526495198,221.368695318204,27.345163906937,480.361825124284,384.949438805696,541.238521513034,454.998492988703,622.130916189829,236.652000814576,258.74417496512,52.9917021579535,26.9059993891014,135.885964328037,357.220290372729,422.283790719995,306.919170607711,551.119532634016
"Bubbles",325.832226273846,216.382088313394,171.789890649648,163.805268748172,206.140723564756,321.825414078089,249.044669317647,154.641190935729,0,268.457984927452,309.926041897865,385.02417293846,243.479194116861,152.35710560382,158.902933238128,102.678510285523,242.741003249104,206.247558219344,259.352017254591,265.368267198633,340.930984587611,412.42407462264,147.016031198042,306.472749536937,78.7461297082265,330.5108009834,385.152550270826,82.1651060374645,362.951957091867,292.408026617921,329.450292288278,386.11248871851,351.193045870159,98.9385883330509,52.2823888621653,48.9857823615487,51.8725879250097,405.826045947545,41.9321336196034,350.641885707675,133.047470681154,155.394186565722,329.662171537527,98.1481047806721,109.235351309879,349.930998830415,161.347166728971,331.214544942519,233.298556457052,391.532840180349,303.42469599206,484.119393745793,137.210034953915,127.061116019597,103.733421787509,151.827076833083,41.6763967908331,202.87110804765,269.077118162887,154.748514848195,413.392381094392
"Candice",119.493620927247,484.817636022094,420.976275143448,119.960134138472,68.8687098694197,55.0424376494795,514.583547171525,423.067567876175,268.457984927452,0,99.6530106292495,170.847297514821,58.3085353084334,369.175570261345,427.209489778696,205.216344924334,500.575238348179,473.984340395755,94.3714805617803,122.027349442523,212.257646799408,231.947990490959,408.315367763117,70.1708613831911,341.361926655372,582.409320005754,647.735514115995,331.02029788195,624.652526053985,98.481466486477,110.568757043503,173.709051139146,131.549476239463,348.362005143582,270.323641956642,314.061814973193,320.306119292515,194.409698548307,307.293360683465,135.292789703062,170.212509242605,126.994531763673,61.5955044258551,352.654779443399,375.808324707051,604.623459720419,427.921970684269,121.004224202479,78.010511908054,161.554776566429,84.4882799828276,293.853123240657,263.920355683303,206.906927846959,371.882633375523,419.202328797862,292.926176794576,70.1728067305367,52.6970506189728,126.990898985981,238.491452826468
"Cashew",20.5273429185073,519.184726690399,435.516113569496,146.332387940805,114.407244255779,114.109248396321,539.828772461264,460.237149913169,309.926041897865,99.6530106292495,0,79.5000385409915,72.8763773429392,372.721627728665,461.644783007853,220.798844827249,517.354470931558,504.949214715643,51.9850255004714,61.051721567823,119.386372690327,133.118004543127,432.555925633358,33.8951646298689,371.208382227104,591.243756756685,665.589383056698,353.876659873038,641.851318567382,19.3324810027099,19.5679262365593,81.5542538645249,41.7499455028958,369.416289021766,294.7126996759,358.739370731597,359.109914102759,102.794160252197,351.674572645813,42.4699864047739,183.292788808085,154.68508656756,109.556122481183,376.071654891019,407.677853595238,615.133174629431,470.483301677557,23.8071209509016,77.2461774688586,81.6638962592055,15.293939618936,198.35204465997,257.490562200404,210.073106414015,407.282583040208,450.80658525506,343.110927721523,119.095780952948,53.3837775964237,155.390691228015,139.232947235164
"Celine",60.45442403049,589.794011628851,499.199154103287,222.949421635528,193.892025550971,165.124552619803,606.752338597644,532.323443825376,385.02417293846,170.847297514821,79.5000385409915,0,152.376327731761,432.601430759266,532.806906296154,290.931933998567,580.862179559372,574.448649684403,126.106699739381,121.73650110058,110.647626202427,70.2849345032877,500.34048680512,100.9814896054,441.966583717137,650.055268400219,728.149540100116,422.475001907463,704.292752902972,94.0272970001253,62.3879449121954,3.49215364652883,39.6697260877989,437.022881431924,365.200369477205,434.005207141057,432.819798291511,23.7267079631046,426.945232540205,37.2331312897846,254.615499706723,231.11261064829,156.655028816944,444.452700157233,478.590399609312,674.545324641144,544.154746642774,55.8865809374371,155.37925937936,26.7246286216071,91.4214528353607,123.262777433116,316.775871735019,276.321178145759,479.36286116721,521.100393318768,419.779228696308,198.591262102972,131.739883201558,231.911024409537,79.1573625087926
"Chad",92.5199482791935,456.943806316273,382.263648023359,81.0356235799324,41.5855694506458,105.353961986915,481.749784018932,396.571333987645,243.479194116861,58.3085353084334,72.8763773429392,152.376327731761,0,325.174672069597,399.099133884433,164.074317242443,463.381837544422,444.104860252283,41.1996961325637,68.1689055512642,164.823498608572,201.302296617183,374.387231085277,62.993677828248,309.996205047175,541.869738616599,611.59737214961,295.724330024663,588.128734894161,60.9272808283808,90.9571690082056,154.403963243673,114.042544368922,312.295912495601,235.101148133051,291.656405740379,294.123691404056,175.612779002091,284.633729705797,115.290220241923,126.651050749177,89.3695989413044,107.915275503798,317.861135095294,345.878690436405,564.907726394328,404.818114587787,96.5768352516189,20.0972569418664,152.448739430295,62.4071509302343,269.387807819711,214.796691347565,160.174201379611,344.006515758921,389.401339496992,274.193381224247,46.2321967170352,25.7275023222436,89.8196686661014,206.146373069766
"Chilli",382.179231114969,189.427150747591,72.6897300331507,249.260630952631,300.318146063989,424.007124043572,184.905864213913,156.674288960068,152.35710560382,369.175570261345,372.721627728665,432.601430759266,325.174672069597,0,148.053382126207,164.040796169502,150.540904469923,168.536403198493,321.915573465219,314.330804167885,352.476521041687,435.576386965482,96.6738446089587,382.669563790391,98.439785741187,218.527334887966,295.870265101204,75.3805737535494,272.000291318086,353.390618766414,391.208730092893,432.462204397727,408.421307050283,65.7298361405015,112.601933473782,154.386744679743,132.383786017494,448.21657581182,153.523314027064,405.654190764471,199.48795016303,242.203071882751,429.253828964008,74.280168628762,112.084401838981,242.543885797964,182.305301999948,388.105156115517,308.137755807657,447.567562424372,372.267708552365,502.286863379345,115.94182598104,165.138826300393,125.344432670803,131.792360710756,175.530048064021,299.117034913979,349.407856221893,242.239461611423,433.170198967204
"Chips",475.740627904541,57.859718356664,91.3116695340758,318.176089059747,363.594459065352,480.723811009226,95.4272676091671,13.3110862239724,158.902933238128,427.209489778696,461.644783007853,532.806906296154,399.099133884433,148.053382126207,0,241.887034761414,108.671439459998,48.4227356337715,409.88781711791,411.117036873701,471.627956321571,550.340693865389,52.1717679766488,461.815917513014,90.8514166094796,196.29310900528,232.545871999152,113.11374818349,212.069508859143,443.202880718219,481.183209694809,533.455496005863,501.824988283855,102.65390993776,167.60654049366,117.072453941444,107.048212774492,551.94533884563,122.999296212805,500.524597562062,278.680028878195,309.789025916036,488.510954859787,93.0642878382144,54.2299315684365,209.945366972177,39.7619140663008,481.403435735814,386.934910783321,542.34241431514,456.822398537611,620.638289408814,233.093062117865,258.010646446651,55.3603804618926,16.2740445002268,143.216435094446,360.604669413727,424.826564174962,309.304716497298,549.708140790105
"Chopper",234.109440880534,299.027293410485,218.194949773289,85.5026464071696,136.411541462353,260.136531879771,319.320107752191,241.505376010865,102.678510285523,205.216344924334,220.798844827249,290.931933998567,164.074317242443,164.040796169502,241.887034761414,0,299.357937163745,284.276411170804,168.824891480156,169.292433263129,238.650904368715,312.250580622983,211.918078635469,224.673356442534,151.069595905699,378.317998819177,447.641787191406,133.142182304596,424.127106895409,202.014583108872,240.223553306871,291.610695272635,260.321319654251,149.033587816044,74.2960606758751,149.754528698521,144.264380534629,310.296088654529,142.990109644272,258.82820514312,37.8093429020721,78.2240994841542,265.653649742334,155.35553133496,187.685425106683,401.100014562547,254.525654134626,239.829939312554,148.935103842983,300.788354701895,217.275359239629,383.651412021475,71.3803664004024,26.7742063855345,188.61713149456,230.41901193177,143.361824016988,135.100107280305,189.25727406643,78.229612834888,312.659002538024
"Coffee",528.367994109699,92.5643901503038,81.8629199818853,383.552777891447,433.102755935779,555.469807256022,48.5980743325373,121.380409637397,242.741003249104,500.575238348179,517.354470931558,580.862179559372,463.381837544422,150.540904469923,108.671439459998,299.357937163745,0,75.7487063839838,465.675247218573,460.877531980429,503.015201429336,586.026558634602,95.79938446912,523.809529322949,164.050063950196,89.6793142063879,148.36775231731,169.666928602161,124.778188428302,498.137155610753,536.348549820415,580.901186375157,554.751580369182,152.218311699882,230.251608385718,212.149455484577,195.40939992108,597.286510599749,216.461390518,552.390548198023,337.016840650318,375.641632284723,562.040113254522,148.454686653979,136.976949078021,107.312377858714,142.872339314474,534.259828468289,448.149473430616,594.524405261482,515.36178006884,652.812323588614,264.590244097504,307.290065046244,147.817201476008,103.6021270438,239.784888457902,430.986286004465,488.61515730761,375.422538481,583.690701868683
"Cyclops",518.349774608171,21.8879738583599,98.9768883715834,363.070295278597,409.522460296316,527.804434919145,48.5786954643752,57.0740627903685,206.247558219344,473.984340395755,504.949214715643,574.448649684403,444.104860252283,168.536403198493,48.4227356337715,284.276411170804,75.7487063839838,0,453.018748381514,452.744163725504,508.359190733103,588.662793605008,76.3739061798148,506.532270208768,134.141438006753,155.928919230089,184.595838177293,152.02324390179,164.654598553394,486.258678560602,524.421226290986,574.942622598641,544.589376064451,138.349782895442,210.242626115602,165.444996023156,154.583804000219,592.938636340854,171.292956895341,543.02598865937,321.656790728526,354.741192579715,535.419494029784,130.228799598768,98.3884112055245,166.620633901276,71.2766629175568,524.087266781117,431.231148188501,585.038906975858,500.76574214752,658.150541432408,267.522930658494,298.341234590169,102.557374930372,54.8397880743151,191.634909609073,406.686665186847,469.812907706267,354.311378942212,587.532519778298
"Daring",66.4818335603657,467.365864246714,383.86954766638,96.867087519787,75.6661953311253,131.622133858335,487.85689016405,408.652565928729,259.352017254591,94.3714805617803,51.9850255004714,126.106699739381,41.1996961325637,321.915573465219,409.88781711791,168.824891480156,465.675247218573,453.018748381514,0,27.7295654876945,123.727979949113,165.875690184543,380.573124880893,63.6453148232246,319.360279251047,540.336287099594,613.967914041692,301.891953821996,590.255988141641,33.3224034274483,71.4049460331614,127.445646073714,92.1084663120086,317.444506559195,242.799014622516,308.290566158023,307.937764854106,147.847079098003,301.224895669447,91.3065534643299,131.371149412378,105.007795528747,131.2145414764,324.086635656867,355.86470168733,564.078458025347,419.354628050699,71.912754323885,32.4584168231167,132.615486527261,50.4540872139136,235.969985711861,207.355604926073,158.405313532467,355.673493945776,398.933238385422,293.68323721277,80.5319971382566,43.7168578757345,105.811074881722,169.798120914826
"Dash",67.8613016930879,468.060706161477,379.045753897408,108.298835977235,98.1871353734351,157.069487708276,485.525104736693,410.778596705823,265.368267198633,122.027349442523,61.051721567823,121.73650110058,68.1689055512642,314.330804167885,411.117036873701,169.292433263129,460.877531980429,452.744163725504,27.7295654876945,0,98.5843802723752,150.202275233811,378.845447786893,83.3931236972996,320.268505760121,532.736759568581,608.733695226107,300.806690919304,584.921657323672,42.6550585256442,77.8677420950573,122.338980187195,94.0983823691089,315.516326098012,243.517479380149,314.290731609295,311.996304224421,141.108622065681,307.262221726788,91.5223167693753,133.434550901601,115.685990826354,155.768916053522,322.823403779039,356.893131495728,556.868319794376,423.126283060925,73.7897363440727,55.4290114203103,133.647357210318,66.1129216896233,221.65837048129,198.53521821596,154.842488382268,357.854431499264,399.364540952579,301.80573139672,102.896361061701,70.6350000019508,116.642148368754,152.871607751687
"Ditto",105.875612697583,526.040258338376,423.302675004275,199.558088560466,196.724310562662,233.495468551559,534.63908472945,473.607989974091,340.930984587611,212.257646799408,119.386372690327,110.647626202427,164.823498608572,352.476521041687,471.627956321571,238.650904368715,503.015201429336,508.359190733103,123.727979949113,98.5843802723752,0,84.1473912171694,432.164459674011,153.204382167393,382.394185853151,564.227384950258,646.877918677784,358.527376262101,623.080512987947,114.340294035102,120.761511831513,108.398108132021,116.636690791519,370.393571006179,308.379446504036,388.404729918195,381.90326687338,113.850036690411,381.636489118288,110.567383901526,209.428849876357,205.662483424489,228.714686565209,379.221901671586,418.210345201133,589.252819738968,489.818061885887,108.602395877441,153.957235796355,136.180221422663,133.702887804546,150.117833094426,241.199328594228,216.789232332764,422.046476886378,458.039151181176,380.564107918066,201.399978020495,159.777383025149,206.729297230548,80.844154922936
"Domino",112.749776334058,605.718481178912,505.784790153868,258.4900581031,240.734919398711,233.431960828613,616.542787779588,551.523817249401,412.42407462264,231.947990490959,133.118004543127,70.2849345032877,201.302296617183,435.576386965482,550.340693865389,312.250580622983,586.026558634602,588.662793605008,165.875690184543,150.202275233811,84.1473912171694,0,512.810636110886,162.310218816502,460.164994316964,648.265724352088,730.541296953317,437.592684993962,706.7209309023,140.541032897156,121.729363910849,66.7928293983775,103.270681048388,450.341150341454,384.627993333978,460.932106895517,456.514948150858,55.0670957482679,453.992104392201,98.3282317599584,279.376680889014,265.878206717013,225.515594116669,458.796148983683,496.439993960548,673.266358180456,566.280455343243,110.943984262498,198.208871565948,94.3132260806358,147.839132169529,71.7714361807812,322.776963073847,292.878940955002,499.256159461601,537.29118299552,450.295947066285,245.614654284611,185.901861040563,266.839073100106,9.50267047315611
"Doodle",445.182041366875,95.4409988138869,42.8295006731773,293.618493107051,341.901609380598,462.920745280642,107.448224499823,62.50095774709,147.016031198042,408.315367763117,432.555925633358,500.34048680512,374.387231085277,96.6738446089587,52.1717679766488,211.918078635469,95.79938446912,76.3739061798148,380.573124880893,378.845447786893,432.164459674011,512.810636110886,0,436.081039330028,68.4879820017605,184.447964427428,239.735393471355,78.8172635611241,216.995912866923,413.632314972298,451.905033657832,500.716715407621,471.523821040346,63.3291235685516,139.297261493066,118.001960379666,100.028542283733,518.345639323457,121.733970296281,469.705578858726,249.668034677148,285.459156675352,469.907049136486,56.6042719416015,43.3831735856477,203.093743798776,89.5904839389798,450.981626111107,360.399971088727,511.834967492087,429.183820534959,582.054755977664,191.188808363559,224.030794364954,56.7353202870635,36.022618135322,145.579147491154,339.460913652385,399.951529980542,285.134728335518,511.538486506443
"Ester",51.247149265583,519.638230463688,442.308441719804,143.64141256457,102.390232265039,80.3633766324391,543.521060762667,459.439121099585,306.472749536937,70.1708613831911,33.8951646298689,100.9814896054,62.993677828248,382.669563790391,461.815917513014,224.673356442534,523.809529322949,506.532270208768,63.6453148232246,83.3931236972996,153.204382167393,162.310218816502,436.081039330028,0,372.390877179045,600.57573344353,672.162618989256,357.291745163736,648.581739965154,43.2206155711096,40.5957905650134,103.75003646372,61.4732865457867,373.573387033052,296.960362738749,354.61748832745,357.076444547959,124.652897178917,347.599755180963,65.1220121881567,186.893318414528,152.036294068615,76.3308230449753,379.486077565784,408.429696658262,623.992728789458,467.811549706679,51.7346079547977,75.7438941371632,94.395462688591,19.8448826345593,223.742460579216,269.338043077024,217.815054320978,406.80227035385,451.908166363973,336.870002546277,106.500976165235,37.4975490934719,152.538828368011,169.188176066227
"Francis",385.052077663305,148.023890582624,95.1051147642148,228.961204735509,275.906498389961,395.696746564362,173.229615024515,91.3648776328121,78.7461297082265,341.361926655372,371.208382227104,441.966583717137,309.996205047175,98.439785741187,90.8514166094796,151.069595905699,164.050063950196,134.141438006753,319.360279251047,320.268505760121,382.394185853151,460.164994316964,68.4879820017605,372.390877179045,0,251.825193628317,307.780233166922,28.9782141055584,285.238060343171,352.654776612285,390.721196349474,442.607407754752,411.187704926284,32.7184148997528,76.7747298019182,59.0170239764831,37.242440954629,461.101274782919,60.2108346093469,409.812760383712,188.033459538429,220.647605984961,402.938880789024,25.4490582977826,36.6246463907534,271.193717627458,108.391179077166,390.737313217909,297.117172261389,451.691811317716,366.749702029102,530.773076971659,147.840451203454,167.445851115517,40.108207217089,79.6318518655693,84.33067878319,273.223100192902,335.696350959941,220.231779933892,459.757116760592
"Genevieve",600.597653015157,165.993794422065,161.957322336525,463.639680921796,514.097095545946,637.44958781666,110.566310626832,208.356745422583,330.5108009834,582.409320005754,591.243756756685,650.055268400219,541.869738616599,218.527334887966,196.29310900528,378.317998819177,89.6793142063879,155.928919230089,540.336287099594,532.736759568581,564.227384950258,648.265724352088,184.447964427428,600.57573344353,251.825193628317,0,90.1227162052396,254.021096474355,69.5180883401153,571.91359343244,609.731463396692,649.76911580956,626.79278337063,236.216816484738,313.240795888868,301.661127004943,284.449654492686,664.812869311792,305.829659541773,623.923466121275,415.289570861236,456.043640098587,643.482848809942,233.995895723278,226.428079838992,25.2420647175515,226.936115353151,606.525719630684,525.5207077568,665.721649153414,590.624741622478,712.03430986804,334.206340811972,382.760787111348,237.484864939558,192.784677780702,329.307915380692,512.343427579649,566.582913263288,455.929182271922,644.970355104057
"Gina",676.354536854546,183.86658991383,230.099658674302,531.533257614809,580.731324276734,702.468951808271,137.37390219852,241.642183906025,385.152550270826,647.735514115995,665.589383056698,728.149540100116,611.59737214961,295.870265101204,232.545871999152,447.641787191406,148.36775231731,184.595838177293,613.967914041692,608.733695226107,646.877918677784,730.541296953317,239.735393471355,672.162618989256,307.780233166922,90.1227162052396,0,316.825288083462,23.8700998979797,646.349442496141,684.527961744674,728.090455187593,702.71959884176,299.716967271346,377.670199787441,348.377059561925,334.982781167101,744.051241536895,353.761560139407,700.253693568983,485.336612286921,523.551839803205,709.294873985317,295.084764031596,276.12515358265,66.4981527660221,251.696527198249,682.257113894674,596.487022743897,742.343157750003,663.709525488979,795.834699694764,411.404998520809,455.564416030001,283.75189449255,235.220347478236,375.234530817176,578.48015003463,636.88489769045,523.303926224907,727.720788012006
"Goggles",366.755722770446,168.212948803483,92.419903146739,215.107475058635,263.923655727266,385.861441930503,186.263067410079,115.835861660338,82.1651060374645,331.02029788195,353.876659873038,422.475001907463,295.724330024663,75.3805737535494,113.11374818349,133.142182304596,169.666928602161,152.02324390179,301.891953821996,300.806690919304,358.527376262101,437.592684993962,78.8172635611241,357.291745163736,28.9782141055584,254.021096474355,316.825288083462,0,293.657529891157,335.007399166154,373.260237983805,422.94546904218,393.061921223561,17.8268571717598,60.869944133757,79.2015992092735,57.427411987045,440.91669646005,78.1453959793086,391.353562109501,170.866391827331,207.014257826655,392.540416033927,22.2181895672262,60.4786934674786,275.04550535848,135.273937685688,372.530900949921,281.596164317161,433.439041526291,350.383801425066,507.676927786618,120.957449317571,146.320916313967,67.5902320860641,99.6989786723398,100.361753174578,261.654908816193,321.247997602346,206.724032997115,436.805557901858
"Gogo",652.558277374015,165.725129283248,206.40717198404,508.171099147316,557.49852148547,679.437849929675,116.642319988414,221.695411941685,362.951957091867,624.652526053985,641.851318567382,704.292752902972,588.128734894161,272.000291318086,212.069508859143,424.127106895409,124.778188428302,164.654598553394,590.255988141641,584.921657323672,623.080512987947,706.7209309023,216.995912866923,648.581739965154,285.238060343171,69.5180883401153,23.8700998979797,293.657529891157,0,622.604263795453,660.771814732856,704.230064964721,678.919727831919,276.458245804507,354.464059265222,327.081873446659,313.148604859483,720.182123418776,332.320659180142,676.43967560232,461.794404758511,500.216151194072,686.190234674393,272.013975618007,254.163730388707,48.2077879387666,233.250666213883,658.462412683893,572.927050748477,718.522995394007,640.036197519721,772.093955279196,387.542632994856,431.85069491029,262.252836053144,213.912087589398,354.131498409754,555.289935408379,613.382628917386,499.978879058266,703.921825117285
"Hazel",33.6895277488667,500.666995922331,416.290683799176,129.318231953665,101.455083899202,122.019087476096,520.852121935878,441.973251716391,292.408026617921,98.481466486477,19.3324810027099,94.0272970001253,60.9272808283808,353.390618766414,443.202880718219,202.014583108872,498.137155610753,486.258678560602,33.3224034274483,42.6550585256442,114.340294035102,140.541032897156,413.632314972298,43.2206155711096,352.654776612285,571.91359343244,646.349442496141,335.007399166154,622.604263795453,0,38.291178224445,95.6397899316562,58.8404867728218,350.447511811854,276.062252045369,341.310153020266,341.186343028414,116.496074271084,334.243609754291,58.312953923182,164.640908216377,137.580570833217,118.960742851072,357.188928657248,389.169271901022,595.80894043952,452.598469923973,38.8529425472592,61.3880062193558,99.320098756474,24.188339455669,208.511150416073,238.167091324968,190.879180454893,388.995034796367,432.214724788936,326.283297077707,106.281537463127,47.1609056900564,138.337519547857,145.666251796954
"Helen",15.1556955955372,538.708457637312,454.494492910509,165.799741682448,132.531827729615,115.94805796973,559.137918642795,479.798055958336,329.450292288278,110.568757043503,19.5679262365593,62.3879449121954,90.9571690082056,391.208730092893,481.183209694809,240.223553306871,536.348549820415,524.421226290986,71.4049460331614,77.8677420950573,120.761511831513,121.729363910849,451.905033657832,40.5957905650134,390.721196349474,609.731463396692,684.527961744674,373.260237983805,660.771814732856,38.291178224445,0,64.8090965621498,23.1400017631407,388.730907868719,314.194721083783,378.246125126573,378.674317048827,86.055561543897,371.182055923864,25.3128413456497,202.767821224568,174.165493334126,109.77792239534,395.447310720492,427.202161711338,633.703371988145,490.044309605277,12.4639748096296,96.5651754755107,62.2539621417673,29.0828901145865,183.873265572119,275.732282728967,229.126248099877,426.840990934172,470.310442771359,362.481206584293,137.13072105595,69.3964338544964,174.861222444092,128.698511678609
"Jacquei",62.2063271296856,590.380184683744,499.276947833128,224.312204925814,195.874135105575,168.475085689812,607.032538995435,533.057487411198,386.11248871851,173.709051139146,81.5542538645249,3.49215364652883,154.403963243673,432.462204397727,533.455496005863,291.610695272635,580.901186375157,574.942622598641,127.445646073714,122.338980187195,108.398108132021,66.7928293983775,500.716715407621,103.75003646372,442.607407754752,649.76911580956,728.090455187593,422.94546904218,704.230064964721,95.6397899316562,64.8090965621498,0,42.3223646853739,437.409815281487,365.853748553165,435.097441901939,433.741578624399,21.2832102633461,428.040022427912,39.5414715985115,255.428780489358,232.444795459305,160.042915590747,444.896432898118,479.232044536728,674.290994092785,545.044016278062,57.8337619084799,157.025370274821,29.7977454629003,93.7702555195373,120.265216281212,316.690746447473,276.728311025416,480.110369730761,521.67551092441,421.0541048989,200.592159764249,134.064879626875,233.253758486137,75.6682027797313
"Julia",26.3963236173894,559.211559327674,472.895774661062,187.836541079908,155.625901405323,130.495725861069,578.560316918934,500.714693801348,351.193045870159,131.549476239463,41.7499455028958,39.6697260877989,114.042544368922,408.421307050283,501.824988283855,260.321319654251,554.751580369182,544.589376064451,92.1084663120086,94.0983823691089,116.636690791519,103.270681048388,471.523821040346,61.4732865457867,411.187704926284,626.79278337063,702.71959884176,393.061921223561,678.919727831919,58.8404867728218,23.1400017631407,42.3223646853739,0,408.248376385333,334.509278680739,400.070120246156,400.025106226313,63.3962090028911,393.003717062239,6.14916997033154,223.160306780746,196.154708949022,123.044115491573,415.202849028612,447.739738930686,650.952244335336,511.438189894686,20.5468818642538,118.958984832205,40.524689377266,52.1801800526633,162.303696703866,292.58737494898,247.996736157528,447.728725546619,490.687903749016,384.727074335242,160.239545981771,92.449797431097,196.883118555801,110.989359891652
"Lauren",381.897131908256,155.647598143667,74.5981680844702,231.900694037723,281.040280347405,403.251568091138,170.412603487107,107.132772158969,98.9385883330509,348.362005143582,369.416289021766,437.022881431924,312.295912495601,65.7298361405015,102.65390993776,149.033587816044,152.218311699882,138.349782895442,317.444506559195,315.516326098012,370.393571006179,450.341150341454,63.3291235685516,373.573387033052,32.7184148997528,236.216816484738,299.716967271346,17.8268571717598,276.458245804507,350.447511811854,388.730907868719,437.409815281487,408.248376385333,0,78.0444628566466,90.1393730050597,67.9840703313904,455.100185011204,90.2220065021929,406.400872058739,186.837661947179,223.873736953196,409.843364529177,10.3824690329712,53.6390972632485,257.316526868523,128.954648344834,387.703911462235,297.836148553196,448.538048834224,366.272373324621,519.990053954632,130.582070755974,160.706353668362,64.0696830571115,88.0893236377679,113.545098529339,278.849118332466,337.745860166452,223.612130512051,449.285380628325
"Longnose",308.339049582926,224.745155090868,151.30006070531,154.333909082398,203.063424053524,325.230418997936,246.652596060831,167.487859503155,52.2823888621653,270.323641956642,294.7126996759,365.200369477205,235.101148133051,112.601933473782,167.60654049366,74.2960606758751,230.251608385718,210.242626115602,242.799014622516,243.517479380149,308.379446504036,384.627993333978,139.297261493066,296.960362738749,76.7747298019182,313.240795888868,377.670199787441,60.869944133757,354.464059265222,276.062252045369,314.194721083783,365.853748553165,334.509278680739,78.0444628566466,0,86.260330553715,74.6753909625632,384.418202618924,80.6474845411673,333.082186455559,111.427919022353,146.201674029154,331.798959345492,82.8557595098053,113.39414218907,334.851898763578,181.720415462645,314.039826200303,221.378729256036,374.999344149188,290.622568220088,455.615147554254,87.1403424376199,91.8482553110541,114.790186964769,156.178641241816,91.025401285354,200.825882274402,260.68705502798,145.896406246213,384.549479260934
"Louis",374.765879740785,172.940852361081,151.763092566934,212.495522748785,253.568583467518,366.523922841091,211.05181379175,110.66173588965,48.9857823615487,314.061814973193,358.739370731597,434.005207141057,291.656405740379,154.386744679743,117.072453941444,149.754528698521,212.149455484577,165.444996023156,308.290566158023,314.290731609295,388.404729918195,460.932106895517,118.001960379666,354.61748832745,59.0170239764831,301.661127004943,348.377059561925,79.2015992092735,327.081873446659,341.310153020266,378.246125126573,435.097441901939,400.070120246156,90.1393730050597,86.260330553715,0,22.156421339556,454.807490162622,7.06655527880999,399.565768408758,181.647038959544,204.104373248404,374.761970096201,84.3098692389394,75.2410382939292,319.019470585572,113.93061062768,380.130884779803,281.960116240682,440.373892482245,352.023872345832,532.570120426525,172.824772836279,172.695342789322,65.0005688213199,113.185420685171,27.6482351681376,250.102364658963,317.156344245418,203.432179476642,461.741083009713
"Michelle",374.332418152085,164.516368257741,131.351860857893,213.741921895364,257.494971003854,373.694618846057,198.217762086426,102.903983707723,51.8725879250097,320.306119292515,359.109914102759,432.819798291511,294.123691404056,132.383786017494,107.048212774492,144.264380534629,195.40939992108,154.583804000219,307.937764854106,311.996304224421,381.90326687338,456.514948150858,100.028542283733,357.076444547959,37.242440954629,284.449654492686,334.982781167101,57.427411987045,313.148604859483,341.186343028414,378.674317048827,433.741578624399,400.025106226313,67.9840703313904,74.6753909625632,22.156421339556,0,453.02766155275,23.010885642945,399.181968354973,178.579431787578,205.312202955695,381.532409748594,62.3261195282875,59.0594738076562,302.665982070604,111.417798694832,379.836322653127,283.105630908418,440.495703094924,353.26217793194,527.891427000877,158.626859574663,165.146954905002,52.0309555572872,100.48197819341,47.2531276499114,254.336241863168,319.80330046109,204.738810242437,456.876258608313
"Mike",83.2660872902822,608.665324328265,515.840989894957,244.667845604086,217.047506067103,186.74670646694,624.297750764094,551.800326444102,405.826045947545,194.409698548307,102.794160252197,23.7267079631046,175.612779002091,448.21657581182,551.94533884563,310.296088654529,597.286510599749,592.938636340854,147.847079098003,141.108622065681,113.850036690411,55.0670957482679,518.345639323457,124.652897178917,461.101274782919,664.812869311792,744.051241536895,440.91669646005,720.182123418776,116.496074271084,86.055561543897,21.2832102633461,63.3962090028911,455.100185011204,384.418202618924,454.807490162622,453.02766155275,0,447.757765191939,60.8147674712246,274.517116598913,252.738764853365,177.900076862141,462.771208249703,497.716092241788,689.462652246154,564.218041501084,79.0373530100047,177.867414110554,40.7021915508218,115.043655517459,100.181769410208,332.76085998458,294.597581168553,498.905579765248,539.943186192115,441.17351921411,221.777935294393,155.344286005602,253.56725840533,64.5323769598139
